5252 34960 40
2389 31492 2389 33344
4504 18137 5252 18137
3941 13106 3941 24128
0 34960 5252 34960
0 7048 1140 7048
2389 16912 2389 19787
2389 27763 2881 27763
2389 0 2389 4063
2094 22472 2094 29849
303 22472 2881 22472
0 19787 303 19787
3281 16912 3281 19787
2389 24128 3941 24128
2094 5725 5252 5725
2389 25480 2389 27763
2881 29849 4504 29849
303 25480 1140 25480
0 0 0 34960
3941 13106 5252 13106
2389 22472 2389 24128
2094 5725 2094 9653
2389 11390 2389 14429
3281 5725 3281 9653
1140 25480 1140 34960
892 16912 3281 16912
1579 31492 1579 33344
892 11390 892 19787
1140 13106 2389 13106
2389 25480 2881 25480
303 19787 303 25480
892 11390 2389 11390
4504 18137 4504 31492
2881 25480 2881 34960
0 0 5252 0
2389 19787 3281 19787
1579 31492 2389 31492
5252 0 5252 34960
1140 0 1140 9653
1579 33344 2881 33344
1140 9653 3281 9653
