39720 38400 50
7976 0 7976 7791
23988 0 23988 22840
745 0 745 982
38733 0 38733 37577
16674 0 16674 16269
0 3861 4162 3861
27657 0 27657 26852
25846 0 25846 24740
9898 0 9898 9757
0 26852 27657 26852
28893 0 28893 27652
21683 0 21683 21334
30656 0 30656 29770
0 38400 39720 38400
0 16269 16674 16269
32548 0 32548 31679
29626 0 29626 28973
10970 0 10970 10675
4742 0 4742 4710
6723 0 6723 6676
6194 0 6194 5556
0 11691 12003 11691
14097 0 14097 13344
21017 0 21017 20223
34507 0 34507 33375
0 21864 22966 21864
37702 0 37702 36319
26866 0 26866 25696
14744 0 14744 14214
36501 0 36501 35367
0 31679 32548 31679
31967 0 31967 30749
17652 0 17652 17070
8809 0 8809 8649
16132 0 16132 15385
0 0 39720 0
0 0 0 38400
4162 0 4162 3861
33880 0 33880 32685
39720 0 39720 38400
24869 0 24869 23909
3018 0 3018 2883
35735 0 35735 34769
18785 0 18785 18087
12003 0 12003 11691
19973 0 19973 19286
12948 0 12948 12590
0 37577 38733 37577
22966 0 22966 21864
1895 0 1895 2084
